==============================
P1_SymmetryFactor_1
P1->P2
[[0.4342935608955993, -1.5690458979743997e-07, -1.3187015828610365e-06, 2.8474787298145828e-06, -1.6561118578600803e-06, 1.5120330676931816e-06, -1.234853726067532e-06]]
==============================
W2_Energy_1
P1->P2
[[0.0, 0.0, 0.0, 0.0, 0.0, 0.0, 0.0]]
==============================
B4_Energy_1
P1->P2
[[-0.0016375125174509393, 0.001488635557740747, 4.938258672077529e-06, 3.7712888311329334e-06, 3.388869120206562e-06, 1.8457546434507747e-06, 1.7085515452600274e-06]]
==============================
W1_Frequencies_1
P1->P2
[[0.0, 0.0, 0.0, 0.0, 0.0, 0.0, 0.0]]
==============================
P2_SymmetryFactor_1
P1->P2
[[0.0, 0.0, 0.0, 0.0, 0.0, 0.0, 0.0]]
==============================
B5_ImaginaryFrequency_1
P1->P2
[[0.23731421263248928, -0.4457506627633261, 0.38473502323084496, -0.2962102876402248, 0.1997952139036911, -0.11321519697983747, 0.049074574557195855]]
==============================
W1_Energy_1
P1->P2
[[0.0, 0.0, 0.0, 0.0, 0.0, 0.0, 0.0]]
==============================
B4_ImaginaryFrequency_1
P1->P2
[[7.517046130044115, -11.458311578860817, 4.707610166491035, -0.20708577133078104, -1.0331931755353934, 0.5706278506233387, -0.00026093362071504846]]
==============================
B5_Frequencies_1
P1->P2
[[-0.01828085254518455, -0.03916184792052691, -0.037161054994953334, -0.03622810957134206, -0.03190065383971393, -0.019771509956187757, -0.021812732345187488]]
==============================
P2_Energy_1
P1->P2
[[0.0, 0.0, 0.0, 0.0, 0.0, 0.0, 0.0]]
==============================
B4_Frequencies_1
P1->P2
[[-0.85381043238698, -0.6685700043356736, -0.14973523441814102, -0.0030861051668925835, 0.02907514467116272, 0.023692020422260603, 0.030087645773965836]]
==============================
P2_Frequencies_1
P1->P2
[[0.0, 0.0, 0.0, 0.0, 0.0, 0.0, 0.0]]
==============================
B4_SymmetryFactor_1
P1->P2
[[-0.42893281200279404, 0.01131731788482431, 0.01075006628715708, 0.010303349449939214, 0.009004427503222116, 0.005554702657915501, 0.005983440661593888]]
==============================
P1_Frequencies_1
P1->P2
[[0.4426627121326277, 0.5751622846828531, 0.2409979601289149, 0.08507412965768009, 0.028516390397300105, 0.00854008364549926, 0.001821402776271388]]
==============================
W1_SymmetryFactor_1
P1->P2
[[0.0, 0.0, 0.0, 0.0, 0.0, 0.0, 0.0]]
==============================
B5_SymmetryFactor_1
P1->P2
[[-0.004916912036921963, -0.010385552724128411, -0.00987086698807448, -0.00946950411714005, -0.008291099008861578, -0.005110096587519041, -0.0055304182691817685]]
==============================
B5_Energy_1
P1->P2
[[-2.627203870150933e-06, -4.636221524615491e-06, -4.79207725777868e-06, -3.7696786092580442e-06, -3.323029056960398e-06, -1.835732722768806e-06, -1.7003267042833744e-06]]
==============================
W2_Frequencies_1
P1->P2
[[0.0, 0.0, 0.0, 0.0, 0.0, 0.0, 0.0]]
==============================
W2_SymmetryFactor_1
P1->P2
[[0.0, 0.0, 0.0, 0.0, 0.0, 0.0, 0.0]]
==============================
P1_Energy_1
P1->P2
[[0.0016402297353900418, -0.0014840230495732681, 2.616994443843643e-09, 3.4600419273163205e-09, 1.938034672342195e-09, 2.5330516680900477e-09, -2.080291866516937e-09]]
